i,rd,is_k,data_out,rd_out
  0 0 0 0x274 0
  1 0 0 0x1d4 0
  2 0 0 0x2d4 0
  3 0 0 0x31b 0
  4 0 0 0x354 0
  5 0 0 0x29b 0
  6 0 0 0x19b 0
  7 0 0 0x38b 0
  8 0 0 0x394 0
  9 0 0 0x25b 0
 10 0 0 0x15b 0
 11 0 0 0x34b 0
 12 0 0 0x0db 0
 13 0 0 0x2cb 0
 14 0 0 0x1cb 0
 15 0 0 0x174 0
 16 0 0 0x1b4 0
 17 0 0 0x23b 0
 18 0 0 0x13b 0
 19 0 0 0x32b 0
 20 0 0 0x0bb 0
 21 0 0 0x2ab 0
 22 0 0 0x1ab 0
 23 0 0 0x3a4 0
 24 0 0 0x334 0
 25 0 0 0x26b 0
 26 0 0 0x16b 0
 27 0 0 0x364 0
 28 0 0 0x0eb 0
 29 0 0 0x2e4 0
 30 0 0 0x1e4 0
 31 0 0 0x2b4 0
 32 0 0 0x279 0
 33 0 0 0x1d9 0
 34 0 0 0x2d9 0
 35 0 0 0x319 0
 36 0 0 0x359 0
 37 0 0 0x299 0
 38 0 0 0x199 0
 39 0 0 0x389 0
 40 0 0 0x399 0
 41 0 0 0x259 0
 42 0 0 0x159 0
 43 0 0 0x349 0
 44 0 0 0x0d9 0
 45 0 0 0x2c9 0
 46 0 0 0x1c9 0
 47 0 0 0x179 0
 48 0 0 0x1b9 0
 49 0 0 0x239 0
 50 0 0 0x139 0
 51 0 0 0x329 0
 52 0 0 0x0b9 0
 53 0 0 0x2a9 0
 54 0 0 0x1a9 0
 55 0 0 0x3a9 0
 56 0 0 0x339 0
 57 0 0 0x269 0
 58 0 0 0x169 0
 59 0 0 0x369 0
 60 0 0 0x0e9 0
 61 0 0 0x2e9 0
 62 0 0 0x1e9 0
 63 0 0 0x2b9 0
 64 0 0 0x275 0
 65 0 0 0x1d5 0
 66 0 0 0x2d5 0
 67 0 0 0x315 0
 68 0 0 0x355 0
 69 0 0 0x295 0
 70 0 0 0x195 0
 71 0 0 0x385 0
 72 0 0 0x395 0
 73 0 0 0x255 0
 74 0 0 0x155 0
 75 0 0 0x345 0
 76 0 0 0x0d5 0
 77 0 0 0x2c5 0
 78 0 0 0x1c5 0
 79 0 0 0x175 0
 80 0 0 0x1b5 0
 81 0 0 0x235 0
 82 0 0 0x135 0
 83 0 0 0x325 0
 84 0 0 0x0b5 0
 85 0 0 0x2a5 0
 86 0 0 0x1a5 0
 87 0 0 0x3a5 0
 88 0 0 0x335 0
 89 0 0 0x265 0
 90 0 0 0x165 0
 91 0 0 0x365 0
 92 0 0 0x0e5 0
 93 0 0 0x2e5 0
 94 0 0 0x1e5 0
 95 0 0 0x2b5 0
 96 0 0 0x273 0
 97 0 0 0x1d3 0
 98 0 0 0x2d3 0
 99 0 0 0x31c 0
100 0 0 0x353 0
101 0 0 0x29c 0
102 0 0 0x19c 0
103 0 0 0x38c 0
104 0 0 0x393 0
105 0 0 0x25c 0
106 0 0 0x15c 0
107 0 0 0x34c 0
108 0 0 0x0dc 0
109 0 0 0x2cc 0
110 0 0 0x1cc 0
111 0 0 0x173 0
112 0 0 0x1b3 0
113 0 0 0x23c 0
114 0 0 0x13c 0
115 0 0 0x32c 0
116 0 0 0x0bc 0
117 0 0 0x2ac 0
118 0 0 0x1ac 0
119 0 0 0x3a3 0
120 0 0 0x333 0
121 0 0 0x26c 0
122 0 0 0x16c 0
123 0 0 0x363 0
124 0 0 0x0ec 0
125 0 0 0x2e3 0
126 0 0 0x1e3 0
127 0 0 0x2b3 0
128 0 0 0x272 0
129 0 0 0x1d2 0
130 0 0 0x2d2 0
131 0 0 0x31d 0
132 0 0 0x352 0
133 0 0 0x29d 0
134 0 0 0x19d 0
135 0 0 0x38d 0
136 0 0 0x392 0
137 0 0 0x25d 0
138 0 0 0x15d 0
139 0 0 0x34d 0
140 0 0 0x0dd 0
141 0 0 0x2cd 0
142 0 0 0x1cd 0
143 0 0 0x172 0
144 0 0 0x1b2 0
145 0 0 0x23d 0
146 0 0 0x13d 0
147 0 0 0x32d 0
148 0 0 0x0bd 0
149 0 0 0x2ad 0
150 0 0 0x1ad 0
151 0 0 0x3a2 0
152 0 0 0x332 0
153 0 0 0x26d 0
154 0 0 0x16d 0
155 0 0 0x362 0
156 0 0 0x0ed 0
157 0 0 0x2e2 0
158 0 0 0x1e2 0
159 0 0 0x2b2 0
160 0 0 0x27a 0
161 0 0 0x1da 0
162 0 0 0x2da 0
163 0 0 0x31a 0
164 0 0 0x35a 0
165 0 0 0x29a 0
166 0 0 0x19a 0
167 0 0 0x38a 0
168 0 0 0x39a 0
169 0 0 0x25a 0
170 0 0 0x15a 0
171 0 0 0x34a 0
172 0 0 0x0da 0
173 0 0 0x2ca 0
174 0 0 0x1ca 0
175 0 0 0x17a 0
176 0 0 0x1ba 0
177 0 0 0x23a 0
178 0 0 0x13a 0
179 0 0 0x32a 0
180 0 0 0x0ba 0
181 0 0 0x2aa 0
182 0 0 0x1aa 0
183 0 0 0x3aa 0
184 0 0 0x33a 0
185 0 0 0x26a 0
186 0 0 0x16a 0
187 0 0 0x36a 0
188 0 0 0x0ea 0
189 0 0 0x2ea 0
190 0 0 0x1ea 0
191 0 0 0x2ba 0
192 0 0 0x276 0
193 0 0 0x1d6 0
194 0 0 0x2d6 0
195 0 0 0x316 0
196 0 0 0x356 0
197 0 0 0x296 0
198 0 0 0x196 0
199 0 0 0x386 0
200 0 0 0x396 0
201 0 0 0x256 0
202 0 0 0x156 0
203 0 0 0x346 0
204 0 0 0x0d6 0
205 0 0 0x2c6 0
206 0 0 0x1c6 0
207 0 0 0x176 0
208 0 0 0x1b6 0
209 0 0 0x236 0
210 0 0 0x136 0
211 0 0 0x326 0
212 0 0 0x0b6 0
213 0 0 0x2a6 0
214 0 0 0x1a6 0
215 0 0 0x3a6 0
216 0 0 0x336 0
217 0 0 0x266 0
218 0 0 0x166 0
219 0 0 0x366 0
220 0 0 0x0e6 0
221 0 0 0x2e6 0
222 0 0 0x1e6 0
223 0 0 0x2b6 0
224 0 0 0x271 0
225 0 0 0x1d1 0
226 0 0 0x2d1 0
227 0 0 0x31e 0
228 0 0 0x351 0
229 0 0 0x29e 0
230 0 0 0x19e 0
231 0 0 0x38e 0
232 0 0 0x391 0
233 0 0 0x25e 0
234 0 0 0x15e 0
235 0 0 0x34e 0
236 0 0 0x0de 0
237 0 0 0x2ce 0
238 0 0 0x1ce 0
239 0 0 0x171 0
240 0 0 0x1b1 0
241 0 0 0x237 0
242 0 0 0x137 0
243 0 0 0x32e 0
244 0 0 0x0b7 0
245 0 0 0x2ae 0
246 0 0 0x1ae 0
247 0 0 0x3a1 0
248 0 0 0x331 0
249 0 0 0x26e 0
250 0 0 0x16e 0
251 0 0 0x361 0
252 0 0 0x0ee 0
253 0 0 0x2e1 0
254 0 0 0x1e1 0
255 0 0 0x2b1 0
  0 1 0 0x18b 1
  1 1 0 0x22b 1
  2 1 0 0x12b 1
  3 1 0 0x314 1
  4 1 0 0x0ab 1
  5 1 0 0x294 1
  6 1 0 0x194 1
  7 1 0 0x074 1
  8 1 0 0x06b 1
  9 1 0 0x254 1
 10 1 0 0x154 1
 11 1 0 0x344 1
 12 1 0 0x0d4 1
 13 1 0 0x2c4 1
 14 1 0 0x1c4 1
 15 1 0 0x28b 1
 16 1 0 0x24b 1
 17 1 0 0x234 1
 18 1 0 0x134 1
 19 1 0 0x324 1
 20 1 0 0x0b4 1
 21 1 0 0x2a4 1
 22 1 0 0x1a4 1
 23 1 0 0x05b 1
 24 1 0 0x0cb 1
 25 1 0 0x264 1
 26 1 0 0x164 1
 27 1 0 0x09b 1
 28 1 0 0x0e4 1
 29 1 0 0x11b 1
 30 1 0 0x21b 1
 31 1 0 0x14b 1
 32 1 0 0x189 1
 33 1 0 0x229 1
 34 1 0 0x129 1
 35 1 0 0x319 1
 36 1 0 0x0a9 1
 37 1 0 0x299 1
 38 1 0 0x199 1
 39 1 0 0x079 1
 40 1 0 0x069 1
 41 1 0 0x259 1
 42 1 0 0x159 1
 43 1 0 0x349 1
 44 1 0 0x0d9 1
 45 1 0 0x2c9 1
 46 1 0 0x1c9 1
 47 1 0 0x289 1
 48 1 0 0x249 1
 49 1 0 0x239 1
 50 1 0 0x139 1
 51 1 0 0x329 1
 52 1 0 0x0b9 1
 53 1 0 0x2a9 1
 54 1 0 0x1a9 1
 55 1 0 0x059 1
 56 1 0 0x0c9 1
 57 1 0 0x269 1
 58 1 0 0x169 1
 59 1 0 0x099 1
 60 1 0 0x0e9 1
 61 1 0 0x119 1
 62 1 0 0x219 1
 63 1 0 0x149 1
 64 1 0 0x185 1
 65 1 0 0x225 1
 66 1 0 0x125 1
 67 1 0 0x315 1
 68 1 0 0x0a5 1
 69 1 0 0x295 1
 70 1 0 0x195 1
 71 1 0 0x075 1
 72 1 0 0x065 1
 73 1 0 0x255 1
 74 1 0 0x155 1
 75 1 0 0x345 1
 76 1 0 0x0d5 1
 77 1 0 0x2c5 1
 78 1 0 0x1c5 1
 79 1 0 0x285 1
 80 1 0 0x245 1
 81 1 0 0x235 1
 82 1 0 0x135 1
 83 1 0 0x325 1
 84 1 0 0x0b5 1
 85 1 0 0x2a5 1
 86 1 0 0x1a5 1
 87 1 0 0x055 1
 88 1 0 0x0c5 1
 89 1 0 0x265 1
 90 1 0 0x165 1
 91 1 0 0x095 1
 92 1 0 0x0e5 1
 93 1 0 0x115 1
 94 1 0 0x215 1
 95 1 0 0x145 1
 96 1 0 0x18c 1
 97 1 0 0x22c 1
 98 1 0 0x12c 1
 99 1 0 0x313 1
100 1 0 0x0ac 1
101 1 0 0x293 1
102 1 0 0x193 1
103 1 0 0x073 1
104 1 0 0x06c 1
105 1 0 0x253 1
106 1 0 0x153 1
107 1 0 0x343 1
108 1 0 0x0d3 1
109 1 0 0x2c3 1
110 1 0 0x1c3 1
111 1 0 0x28c 1
112 1 0 0x24c 1
113 1 0 0x233 1
114 1 0 0x133 1
115 1 0 0x323 1
116 1 0 0x0b3 1
117 1 0 0x2a3 1
118 1 0 0x1a3 1
119 1 0 0x05c 1
120 1 0 0x0cc 1
121 1 0 0x263 1
122 1 0 0x163 1
123 1 0 0x09c 1
124 1 0 0x0e3 1
125 1 0 0x11c 1
126 1 0 0x21c 1
127 1 0 0x14c 1
128 1 0 0x18d 1
129 1 0 0x22d 1
130 1 0 0x12d 1
131 1 0 0x312 1
132 1 0 0x0ad 1
133 1 0 0x292 1
134 1 0 0x192 1
135 1 0 0x072 1
136 1 0 0x06d 1
137 1 0 0x252 1
138 1 0 0x152 1
139 1 0 0x342 1
140 1 0 0x0d2 1
141 1 0 0x2c2 1
142 1 0 0x1c2 1
143 1 0 0x28d 1
144 1 0 0x24d 1
145 1 0 0x232 1
146 1 0 0x132 1
147 1 0 0x322 1
148 1 0 0x0b2 1
149 1 0 0x2a2 1
150 1 0 0x1a2 1
151 1 0 0x05d 1
152 1 0 0x0cd 1
153 1 0 0x262 1
154 1 0 0x162 1
155 1 0 0x09d 1
156 1 0 0x0e2 1
157 1 0 0x11d 1
158 1 0 0x21d 1
159 1 0 0x14d 1
160 1 0 0x18a 1
161 1 0 0x22a 1
162 1 0 0x12a 1
163 1 0 0x31a 1
164 1 0 0x0aa 1
165 1 0 0x29a 1
166 1 0 0x19a 1
167 1 0 0x07a 1
168 1 0 0x06a 1
169 1 0 0x25a 1
170 1 0 0x15a 1
171 1 0 0x34a 1
172 1 0 0x0da 1
173 1 0 0x2ca 1
174 1 0 0x1ca 1
175 1 0 0x28a 1
176 1 0 0x24a 1
177 1 0 0x23a 1
178 1 0 0x13a 1
179 1 0 0x32a 1
180 1 0 0x0ba 1
181 1 0 0x2aa 1
182 1 0 0x1aa 1
183 1 0 0x05a 1
184 1 0 0x0ca 1
185 1 0 0x26a 1
186 1 0 0x16a 1
187 1 0 0x09a 1
188 1 0 0x0ea 1
189 1 0 0x11a 1
190 1 0 0x21a 1
191 1 0 0x14a 1
192 1 0 0x186 1
193 1 0 0x226 1
194 1 0 0x126 1
195 1 0 0x316 1
196 1 0 0x0a6 1
197 1 0 0x296 1
198 1 0 0x196 1
199 1 0 0x076 1
200 1 0 0x066 1
201 1 0 0x256 1
202 1 0 0x156 1
203 1 0 0x346 1
204 1 0 0x0d6 1
205 1 0 0x2c6 1
206 1 0 0x1c6 1
207 1 0 0x286 1
208 1 0 0x246 1
209 1 0 0x236 1
210 1 0 0x136 1
211 1 0 0x326 1
212 1 0 0x0b6 1
213 1 0 0x2a6 1
214 1 0 0x1a6 1
215 1 0 0x056 1
216 1 0 0x0c6 1
217 1 0 0x266 1
218 1 0 0x166 1
219 1 0 0x096 1
220 1 0 0x0e6 1
221 1 0 0x116 1
222 1 0 0x216 1
223 1 0 0x146 1
224 1 0 0x18e 1
225 1 0 0x22e 1
226 1 0 0x12e 1
227 1 0 0x311 1
228 1 0 0x0ae 1
229 1 0 0x291 1
230 1 0 0x191 1
231 1 0 0x071 1
232 1 0 0x06e 1
233 1 0 0x251 1
234 1 0 0x151 1
235 1 0 0x348 1
236 1 0 0x0d1 1
237 1 0 0x2c8 1
238 1 0 0x1c8 1
239 1 0 0x28e 1
240 1 0 0x24e 1
241 1 0 0x231 1
242 1 0 0x131 1
243 1 0 0x321 1
244 1 0 0x0b1 1
245 1 0 0x2a1 1
246 1 0 0x1a1 1
247 1 0 0x05e 1
248 1 0 0x0ce 1
249 1 0 0x261 1
250 1 0 0x161 1
251 1 0 0x09e 1
252 1 0 0x0e1 1
253 1 0 0x11e 1
254 1 0 0x21e 1
255 1 0 0x14e 1
 28 0 1 0x0f4 0
 60 0 1 0x0f9 0
 92 0 1 0x0f5 0
124 0 1 0x0f3 0
156 0 1 0x0f2 0
188 0 1 0x0fa 0
220 0 1 0x0f6 0
247 0 1 0x3a8 0
251 0 1 0x368 0
252 0 1 0x0f8 0
253 0 1 0x2e8 0
254 0 1 0x1e8 0
 28 1 1 0x30b 1
 60 1 1 0x306 1
 92 1 1 0x30a 1
124 1 1 0x30c 1
156 1 1 0x30d 1
188 1 1 0x305 1
220 1 1 0x309 1
247 1 1 0x057 1
251 1 1 0x097 1
252 1 1 0x307 1
253 1 1 0x117 1
254 1 1 0x217 1
